第1幅图像的平均误差0.0308379像素
第2幅图像的平均误差0.0411877像素
第3幅图像的平均误差0.03245像素
第4幅图像的平均误差0.0434115像素
第5幅图像的平均误差0.0530561像素
第6幅图像的平均误差0.0364416像素
第7幅图像的平均误差0.0366477像素
第8幅图像的平均误差0.0440474像素
第9幅图像的平均误差0.128025像素
第10幅图像的平均误差0.0388475像素
第11幅图像的平均误差0.0533727像素
第12幅图像的平均误差0.042121像素
第13幅图像的平均误差0.0418482像素
第14幅图像的平均误差0.0410031像素
第15幅图像的平均误差0.0915385像素
第16幅图像的平均误差0.0299152像素
第17幅图像的平均误差0.03021像素
第18幅图像的平均误差0.0285424像素
第19幅图像的平均误差0.0380083像素
第20幅图像的平均误差0.0354145像素
第21幅图像的平均误差0.033107像素
第22幅图像的平均误差0.0772922像素
第23幅图像的平均误差0.097491像素
第24幅图像的平均误差0.0320914像素
第25幅图像的平均误差0.0359454像素
第26幅图像的平均误差0.030504像素
第27幅图像的平均误差0.0447383像素
第28幅图像的平均误差0.0406911像素
第29幅图像的平均误差0.042363像素
第30幅图像的平均误差0.0733841像素
第31幅图像的平均误差0.071287像素
第32幅图像的平均误差0.0385615像素
第33幅图像的平均误差0.0401385像素
第34幅图像的平均误差0.107892像素
第35幅图像的平均误差0.0290484像素
第36幅图像的平均误差0.0982794像素
第37幅图像的平均误差0.0289856像素
第38幅图像的平均误差0.0603991像素
第39幅图像的平均误差0.0396638像素
总体平均误差0.0497125像素

相机内参数矩阵:
[155.5733750451955, 0, 324.9098078339426;
 0, 155.7039575213764, 251.6360556336845;
 0, 0, 1]
畸变系数:[0.0756011, 0.0486787, -0.0317964, 0.00533516]
第1幅图像的旋转向量
[-2.01546, 2.17994, -0.126068]
第1幅图像的旋转矩阵
[-0.07216288420253125, -0.9807808706783758, 0.1812771410160113;
 -0.9951394128772892, 0.08301125513034335, 0.05297811302725856;
 -0.06700796282395145, -0.1765729742430924, -0.9820040313996334]
第1幅图像的平移向量
[10.2695, 7.27539, 21.8433]
第2幅图像的旋转向量
[-1.90704, 2.10603, 0.119741]
第2幅图像的旋转矩阵
[-0.07628975353187384, -0.9838119842324382, 0.1621537948574712;
 -0.9590923354644127, 0.1168710602835242, 0.2578430672359127;
 -0.2726201855319309, -0.1358496777649391, -0.9524825979994059]
第2幅图像的平移向量
[9.26366, -1.08524, 17.4484]
第3幅图像的旋转向量
[-2.03416, 2.33142, -0.130705]
第3幅图像的旋转矩阵
[-0.1365262815144624, -0.9866216632238881, 0.08909695905676052;
 -0.9903978863228869, 0.1339665295900369, -0.03413203358663595;
 0.02173939334460057, -0.09290135955372257, -0.9954379619896353]
第3幅图像的平移向量
[12.8285, 14.8209, 15.218]
第4幅图像的旋转向量
[-1.95633, 2.11324, -0.17752]
第4幅图像的旋转矩阵
[-0.06283316907068703, -0.9614245568598374, 0.2677962179184012;
 -0.9926273758569457, 0.08806818363688385, 0.0832759733071549;
 -0.1036478922308038, -0.2605893637464228, -0.9598699380324119]
第4幅图像的平移向量
[4.07263, 6.32709, 15.902]
第5幅图像的旋转向量
[-2.01794, 2.36952, 0.256049]
第5幅图像的旋转矩阵
[-0.1647916913852091, -0.9820525749113768, -0.09174114976572419;
 -0.9789808925077926, 0.1515230420635213, 0.1365180567854027;
 -0.1201670110930946, 0.1123098741596283, -0.986380444661795]
第5幅图像的平移向量
[20.1444, 0.395765, 9.91027]
第6幅图像的旋转向量
[-1.42046, 2.76679, 0.1544]
第6幅图像的旋转矩阵
[-0.5835342773950893, -0.8118255017256002, -0.02066644267813203;
 -0.8090842663820736, 0.5790002993349684, 0.100704037967692;
 -0.06978822965208807, 0.07548515163920845, -0.9947017617778874]
第6幅图像的平移向量
[15.6545, -3.61531, 13.6219]
第7幅图像的旋转向量
[-1.64272, 2.38607, -0.107108]
第7幅图像的旋转矩阵
[-0.3378424414467938, -0.9103239445746276, 0.2391083450893345;
 -0.9280861786914281, 0.364469410461061, 0.07627642991193101;
 -0.1565839381265287, -0.1961437349808997, -0.9679923065544116]
第7幅图像的平移向量
[5.42702, 0.349425, 17.5115]
第8幅图像的旋转向量
[-1.65648, 2.60649, 0.301683]
第8幅图像的旋转矩阵
[-0.4295224394971298, -0.9002316644818121, -0.07136822985573138;
 -0.8927330133021713, 0.4113689050780609, 0.1838569848966926;
 -0.1361552089670454, 0.1426834755645634, -0.9803587021452693]
第8幅图像的平移向量
[21.0794, -1.27501, 10.4688]
第9幅图像的旋转向量
[-2.74581, 1.48272, 0.311667]
第9幅图像的旋转矩阵
[0.5331863138858726, -0.8284479973017929, -0.1714242411429737;
 -0.8273547424581298, -0.5529241116079483, 0.09878793921629772;
 -0.1766252666433585, 0.08915628171480589, -0.9802319483744409]
第9幅图像的平移向量
[17.2391, 11.7881, 11.9421]
第10幅图像的旋转向量
[-2.41873, 1.84115, 0.115266]
第10幅图像的旋转矩阵
[0.2662845800348815, -0.9638944496826276, 0.0001109354397490214;
 -0.9563542067690709, -0.2641871485162476, 0.1248670563197345;
 -0.1203293548173034, -0.03335626522677614, -0.9921734757286008]
第10幅图像的平移向量
[9.48923, 8.64826, 14.477]
第11幅图像的旋转向量
[-2.13008, 1.69277, -0.0460519]
第11幅图像的旋转矩阵
[0.2592022249989074, -0.9245774568877532, 0.2792323992136133;
 -0.9383917165582321, -0.1726703255600144, 0.2993425211457491;
 -0.2285501976601867, -0.3396196179344967, -0.9123723594363849]
第11幅图像的平移向量
[4.60411, 5.53846, 17.2192]
第12幅图像的旋转向量
[2.22747, -2.19578, 0.268578]
第12幅图像的旋转矩阵
[0.006903054882552495, -0.9927736797700232, 0.1198030408177324;
 -0.9923812145180532, -0.02153915781475968, -0.1213078305481722;
 0.1230116779210885, -0.1180528925376997, -0.9853586360602522]
第12幅图像的平移向量
[11.5473, 14.2917, 11.9598]
第13幅图像的旋转向量
[2.54834, -1.6364, 0.246924]
第13幅图像的旋转矩阵
[0.4083044142882788, -0.9092847157533793, 0.08055315617653552;
 -0.8925679440488522, -0.4161733230254665, -0.173557571019952;
 0.1913373213179022, -0.001034842614538498, -0.9815237941953587]
第13幅图像的平移向量
[8.15452, 20.3919, 9.70734]
第14幅图像的旋转向量
[1.62078, -2.58382, 0.0645015]
第14幅图像的旋转矩阵
[-0.4325472357404558, -0.8999687606614549, -0.05439778200235147;
 -0.8961335207825621, 0.4357766885072982, -0.08392491098275065;
 0.09923508342889566, 0.01244618765317689, -0.9949861760998301]
第14幅图像的平移向量
[16.9708, 5.55008, 10.9028]
第15幅图像的旋转向量
[2.13139, -2.10876, -0.0201148]
第15幅图像的旋转矩阵
[0.01569089396117318, -0.9938199547549792, -0.1098894598108033;
 -0.9957353277382647, -0.005538537045647884, -0.0920895308999042;
 0.0909117865882617, 0.1108657843439757, -0.98966854295826]
第15幅图像的平移向量
[22.0118, 0.843988, 13.5093]
第16幅图像的旋转向量
[-1.94012, 2.26016, 0.458836]
第16幅图像的旋转矩阵
[-0.1664034088531271, -0.9810112951860964, -0.09963304792766635;
 -0.9422028903653684, 0.128390647781465, 0.3094665651559173;
 -0.2907982443365241, 0.1453708371013715, -0.9456763192611104]
第16幅图像的平移向量
[17.7462, 1.82743, 18.9821]
第17幅图像的旋转向量
[-2.57296, 1.6857, 0.509341]
第17幅图像的旋转矩阵
[0.3620962389660605, -0.896080955238272, -0.2567590999086489;
 -0.8883308123629643, -0.4151815008474028, 0.1961955380752937;
 -0.282408713628297, 0.1570453533644472, -0.9463519828549241]
第17幅图像的平移向量
[16.6377, 9.10278, 17.7494]
第18幅图像的旋转向量
[1.5078, -2.65003, -0.431289]
第18幅图像的旋转矩阵
[-0.5189999731804147, -0.8332526843031943, -0.1906016577584;
 -0.8506901464541899, 0.481743434943549, 0.2103557406265394;
 -0.08345838822118412, 0.2713175758964249, -0.9588646778587737]
第18幅图像的平移向量
[16.8525, -5.1782, 14.929]
第19幅图像的旋转向量
[2.01006, -2.13586, -0.645]
第19幅图像的旋转矩阵
[-0.09867356999861743, -0.9178887620491083, -0.3843744880811982;
 -0.9772149608866869, 0.01643552706370066, 0.2116147293299054;
 -0.1879213846345295, 0.3964972811433813, -0.8985963828343333]
第19幅图像的平移向量
[20.526, 4.42002, 9.2103]
第20幅图像的旋转向量
[2.43492, -1.65688, -0.4777]
第20幅图像的旋转矩阵
[0.3361382526128298, -0.8755478513019581, -0.347025986362575;
 -0.9259071372390026, -0.3746420946589675, 0.04836604304071337;
 -0.1723573274922441, 0.3050561603870106, -0.9366075435686314]
第20幅图像的平移向量
[18.9833, 12.3253, 11.6114]
第21幅图像的旋转向量
[1.42632, -2.58576, -0.42432]
第21幅图像的旋转矩阵
[-0.533228478463335, -0.8011538435349828, -0.271698194224403;
 -0.8459701004192499, 0.5055127427857358, 0.1696804528455981;
 0.001406752402302175, 0.320326998347575, -0.9473059881460221]
第21幅图像的平移向量
[18.9947, -4.22001, 11.0942]
第22幅图像的旋转向量
[-2.09853, 2.12764, -0.357512]
第22幅图像的旋转矩阵
[-0.02323134150594863, -0.9659000137690716, 0.2578710301153289;
 -0.9971353270310359, 0.003814794035929658, -0.07554195478786746;
 0.07198225030202075, -0.2588872548955826, -0.9632216488919292]
第22幅图像的平移向量
[15.543, 9.21179, 19.789]
第23幅图像的旋转向量
[-2.60682, 1.40742, -0.334198]
第23幅图像的旋转矩阵
[0.5321571574158196, -0.8023926846842927, 0.2701383707958724;
 -0.8381806430440778, -0.544305808274627, 0.03441506508378725;
 0.1194234877958735, -0.2447389765518325, -0.9622062481188898]
第23幅图像的平移向量
[9.88151, 17.6106, 17.9603]
第24幅图像的旋转向量
[-2.15348, 2.02732, -0.51109]
第24幅图像的旋转矩阵
[0.03431306253988775, -0.9407008664533318, 0.3374973979056496;
 -0.9882717325490755, -0.08221634935941913, -0.1286835441789601;
 0.1488005254815392, -0.3291236116597541, -0.9324891698376219]
第24幅图像的平移向量
[11.2997, 14.9949, 18.0702]
第25幅图像的旋转向量
[-2.20813, 1.78993, -0.0368291]
第25幅图像的旋转矩阵
[0.2243197417716536, -0.9526926858311858, 0.2050787649057318;
 -0.9603220922360024, -0.1803166740488003, 0.2127613127978057;
 -0.1657170257244731, -0.2446682313332494, -0.955340423075091]
第25幅图像的平移向量
[8.52783, 11.7494, 20.5205]
第26幅图像的旋转向量
[-2.63308, 1.36379, 0.0107779]
第26幅图像的旋转矩阵
[0.5802124058914162, -0.8110742266573492, 0.07424394185303376;
 -0.809799508668928, -0.5647435811705157, 0.1590265489981587;
 -0.08705354564437084, -0.1523918842290621, -0.9844787421838318]
第26幅图像的平移向量
[7.31946, 17.6033, 19.0414]
第27幅图像的旋转向量
[-2.061, 2.09151, -0.000687789]
第27幅图像的旋转矩阵
[-0.004043151776740195, -0.9893509485390055, 0.1454934828391979;
 -0.9894464250776798, 0.0250319673974887, 0.142720609966501;
 -0.1448427589654011, -0.1433809653795816, -0.9790109672225894]
第27幅图像的平移向量
[14.9721, 7.97681, 15.9651]
第28幅图像的旋转向量
[2.04232, -1.93763, 0.493517]
第28幅图像的旋转矩阵
[0.04071710518216765, -0.9978032912699845, 0.05225618888103412;
 -0.9012278616081842, -0.05925782669921431, -0.4292747971125545;
 0.4314283936028355, -0.02961590629496202, -0.9016609336594354]
第28幅图像的平移向量
[15.3926, 14.0901, 10.4916]
第29幅图像的旋转向量
[2.47262, -1.48367, 0.332811]
第29幅图像的旋转矩阵
[0.45899519545263, -0.8855463177377304, 0.07163190415274871;
 -0.8312956299507065, -0.4565238826910831, -0.3170702132927596;
 0.3134820348540884, 0.08598641563528941, -0.9456930528189024]
第29幅图像的平移向量
[11.2884, 18.1987, 9.05051]
第30幅图像的旋转向量
[2.23062, -2.16327, -0.157725]
第30幅图像的旋转矩阵
[0.02822298124042311, -0.9951981773102357, -0.09372326930003889;
 -0.9982678281705818, -0.03290317630456419, 0.04877216653646774;
 -0.05162176449418331, 0.09218442855198286, -0.9944029487904044]
第30幅图像的平移向量
[17.2014, -0.829071, 12.2711]
第31幅图像的旋转向量
[2.2222, -2.16667, -0.138325]
第31幅图像的旋转矩阵
[0.02356691963637292, -0.995843098454978, -0.08798365506411876;
 -0.9989468367586163, -0.02692290678356379, 0.0371533904277685;
 -0.039367723185465, 0.08701540294633263, -0.9954288030900452]
第31幅图像的平移向量
[16.7525, -0.578218, 12.8021]
第32幅图像的旋转向量
[-1.86857, 1.98123, 0.0718464]
第32幅图像的旋转矩阵
[-0.01369981377095797, -0.9654861886866559, 0.2600937034185112;
 -0.9441111851442376, 0.09816603714403582, 0.3146704613353137;
 -0.3293423525576151, -0.2412464478634892, -0.9128711662688577]
第32幅图像的平移向量
[12.2643, -4.86542, 20.17]
第33幅图像的旋转向量
[-1.27977, 2.47315, 0.177533]
第33幅图像的旋转矩阵
[-0.5310612932352095, -0.8101023689653015, 0.2484110597863007;
 -0.7663153918365337, 0.584280582000606, 0.2671645967029544;
 -0.36157243128005, -0.04848044238493356, -0.9310827157908123]
第33幅图像的平移向量
[9.52646, -13.5674, 17.4114]
第34幅图像的旋转向量
[2.65287, -1.49357, -0.606149]
第34幅图像的旋转矩阵
[0.4609196734226044, -0.8147995935111966, -0.3516456697671511;
 -0.8294119054450276, -0.5364530119622304, 0.1558655095353034;
 -0.3156405325018447, 0.2198176252502058, -0.9230662304901593]
第34幅图像的平移向量
[28.5528, 7.05314, 11.4532]
第35幅图像的旋转向量
[1.87262, -1.9596, 0.51188]
第35幅图像的旋转矩阵
[-0.03914478216730832, -0.9989736349982568, -0.02278952846031326;
 -0.860207972961774, 0.04529457741962306, -0.5079277945824322;
 0.5084387173318626, -0.0002789887940498614, -0.8610981319705572]
第35幅图像的平移向量
[15.8684, 20.8707, 10.4015]
第36幅图像的旋转向量
[1.44659, -2.25958, -0.0399333]
第36幅图像的旋转矩阵
[-0.3454982756919067, -0.8545398809714037, -0.3878047618625879;
 -0.8677092475092093, 0.4482844073222751, -0.2147597540013448;
 0.3573676024500834, 0.2623026534007917, -0.8963736468337204]
第36幅图像的平移向量
[31.214, 5.3946, 2.57984]
第37幅图像的旋转向量
[-2.38615, 1.66085, -0.627034]
第37幅图像的旋转矩阵
[0.2923851951342387, -0.8546609484251103, 0.4290286248065553;
 -0.9249527557554637, -0.3666700347512941, -0.1000773962284115;
 0.2428441831436093, -0.3675700597880296, -0.8977298891430192]
第37幅图像的平移向量
[-6.69946, 21.4729, 19.1121]
第38幅图像的旋转向量
[1.65023, -2.29329, -0.646323]
第38幅图像的旋转矩阵
[-0.3317144878702933, -0.8340566036210436, -0.4408118425054824;
 -0.9414955017566299, 0.2631692403781004, 0.2105425636085142;
 -0.05959629777914621, 0.4848623855022607, -0.8725575903148608]
第38幅图像的平移向量
[30.6419, -10.1426, 7.18358]
第39幅图像的旋转向量
[-1.22524, 2.66429, 0.0814845]
第39幅图像的旋转矩阵
[-0.6333490250789111, -0.7561706224477016, 0.1645448333392705;
 -0.744701855401172, 0.6533659314074439, 0.1361326788031993;
 -0.2104475207590834, -0.03631734328304457, -0.976930341213342]
第39幅图像的平移向量
[5.48005, -14.3103, 18.9411]
