第1幅图像的平均误差0.0255556像素
第2幅图像的平均误差0.0263258像素
第3幅图像的平均误差0.0307741像素
第4幅图像的平均误差0.0272095像素
第5幅图像的平均误差0.0420809像素
第6幅图像的平均误差0.0390777像素
第7幅图像的平均误差0.0421511像素
第8幅图像的平均误差0.0497665像素
第9幅图像的平均误差0.0480964像素
第10幅图像的平均误差0.0433856像素
第11幅图像的平均误差0.0372626像素
第12幅图像的平均误差0.0340898像素
第13幅图像的平均误差0.0293602像素
第14幅图像的平均误差0.0382437像素
第15幅图像的平均误差0.0312365像素
第16幅图像的平均误差0.0292454像素
第17幅图像的平均误差0.0386213像素
第18幅图像的平均误差0.0449994像素
第19幅图像的平均误差0.122887像素
第20幅图像的平均误差0.0446739像素
第21幅图像的平均误差0.0400064像素
第22幅图像的平均误差0.0837603像素
第23幅图像的平均误差0.0400943像素
第24幅图像的平均误差0.0409633像素
第25幅图像的平均误差0.0472853像素
第26幅图像的平均误差0.0414681像素
第27幅图像的平均误差0.0631935像素
第28幅图像的平均误差0.109263像素
总体平均误差0.0445199像素

相机内参数矩阵:
[155.5479195536322, 0, 316.1241872525348;
 0, 155.763899640611, 215.0519567202142;
 0, 0, 1]
畸变系数:[0.0836834, 0.0339519, -0.0207494, 0.00256549]
第1幅图像的旋转向量
[2.05649, -2.21825, 0.536769]
第1幅图像的旋转矩阵
[-0.1024661900266672, -0.9776623009384665, 0.1835132290193887;
 -0.9534040941451908, 0.04389613384116864, -0.2984857830801774;
 0.2837627762209262, -0.2055469648462413, -0.9366051099977464]
第1幅图像的平移向量
[3.73771, 9.87605, 21.6171]
第2幅图像的旋转向量
[1.98116, -2.21573, 0.483883]
第2幅图像的旋转矩阵
[-0.1295780088434427, -0.9848765351055009, 0.1150119568686339;
 -0.9431583036400724, 0.08662015375226506, -0.320857231862889;
 0.3060424053933544, -0.150050523366358, -0.940118549193947]
第2幅图像的平移向量
[9.81498, 17.7431, 16.0894]
第3幅图像的旋转向量
[2.58997, -1.62434, 0.412169]
第3幅图像的旋转矩阵
[0.4102550583587683, -0.8910293693887846, 0.1943127632907025;
 -0.8758760542874294, -0.4443206804990256, -0.188202737511352;
 0.2540313457369539, -0.09298277134774807, -0.9627160950226004]
第3幅图像的平移向量
[1.70722, 19.876, 15.5549]
第4幅图像的旋转向量
[1.34573, -2.63919, 0.431389]
第4幅图像的旋转矩阵
[-0.5871629485009813, -0.8094680890393048, -0.001041505972298518;
 -0.7670078096733203, 0.5567739074117399, -0.3189072528582566;
 0.2587251279017366, -0.1864516796720276, -0.9477853550987743]
第4幅图像的平移向量
[12.6959, 9.45071, 17.01]
第5幅图像的旋转向量
[-1.92254, 1.96427, -0.608104]
第5幅图像的旋转矩阵
[-0.03893336806262571, -0.8586278642321954, 0.5111187568612198;
 -0.997227162476952, 0.0009224935501039866, -0.07441193065508273;
 0.06342065333522626, -0.5125986146779062, -0.8562829444528395]
第5幅图像的平移向量
[-1.15824, 11.9153, 19.6434]
第6幅图像的旋转向量
[1.87439, -2.05625, -0.346788]
第6幅图像的旋转矩阵
[-0.07497764504474103, -0.9118255892037141, -0.4036736895276229;
 -0.9937840047026747, 0.101731926963084, -0.04521025363223921;
 0.08229036845620882, 0.3977746974226447, -0.9137853059387993]
第6幅图像的平移向量
[22.2654, 6.82566, 3.97901]
第7幅图像的旋转向量
[2.06564, -2.06365, -0.552057]
第7幅图像的旋转矩阵
[-0.02613197097364428, -0.9270925659026434, -0.3739204385174542;
 -0.9899588654798908, -0.02798037126367903, 0.1385588087481781;
 -0.138919274223558, 0.3737866678628323, -0.9170523224861277]
第7幅图像的平移向量
[21.7126, 1.99128, 7.03789]
第8幅图像的旋转向量
[-1.97423, 2.07368, -0.0429225]
第8幅图像的旋转矩阵
[-0.02916196644500735, -0.975270736840157, 0.2190811940270479;
 -0.9835009238488175, 0.06714279609087881, 0.167981480293575;
 -0.1785371459993196, -0.2105678864317999, -0.961137686651638]
第8幅图像的平移向量
[6.18445, -1.212, 17.4161]
第9幅图像的旋转向量
[2.03975, -2.08189, 0.326775]
第9幅图像的旋转矩阵
[-0.02139855983872729, -0.9997517999175298, 0.006200016007055609;
 -0.9535746709090105, 0.01854609550115949, -0.3005850783762128;
 0.300395487045995, -0.01234426600982058, -0.9537348533314058]
第9幅图像的平移向量
[17.5931, 15.693, 6.83582]
第10幅图像的旋转向量
[1.89905, -1.85883, 0.0624664]
第10幅图像的旋转矩阵
[0.07695806726910304, -0.9528782521071568, -0.2934288543129557;
 -0.9310291890115503, 0.03662022652378605, -0.3631027515977279;
 0.3567381463912976, 0.3011345142466339, -0.8843392444298427]
第10幅图像的平移向量
[20.3661, 13.5698, 1.24191]
第11幅图像的旋转向量
[-2.13526, 2.2004, -0.644479]
第11幅图像的旋转矩阵
[-0.07106286316319332, -0.95549554372477, 0.2863185907361855;
 -0.9589815705469599, -0.01352375277499174, -0.2831456435514539;
 0.2744165024744966, -0.2946953919439306, -0.9153415805788994]
第11幅图像的平移向量
[11.3729, 16.4134, 15.088]
第12幅图像的旋转向量
[2.61965, -1.69212, 0.276954]
第12幅图像的旋转矩阵
[0.400176353011741, -0.9053317521553583, 0.1422438224652687;
 -0.9034398319165227, -0.4157685024817076, -0.104561094345666;
 0.1538029798049022, -0.08666585765702088, -0.9842934890162109]
第12幅图像的平移向量
[9.23452, 18.7485, 13.5704]
第13幅图像的旋转向量
[-2.33201, 1.86687, -0.354864]
第13幅图像的旋转矩阵
[0.205450553962766, -0.9422185190887481, 0.2646022149616263;
 -0.9735898144699277, -0.224278419860333, -0.0426856362886147;
 0.09956376367335716, -0.2488442337510727, -0.9634124787919437]
第13幅图像的平移向量
[1.12447, 8.4934, 19.3595]
第14幅图像的旋转向量
[1.66891, -2.35926, 0.437189]
第14幅图像的旋转矩阵
[-0.3318335661154419, -0.9433158693811342, -0.00645406637893739;
 -0.8783691677035826, 0.3114676855869496, -0.3625679054505859;
 0.3440262920574885, -0.1146431481111034, -0.9319350079079288]
第14幅图像的平移向量
[19.3374, 7.42871, 14.5948]
第15幅图像的旋转向量
[1.73502, -2.15191, 0.497653]
第15幅图像的旋转矩阵
[-0.2028522901443177, -0.9784917191533105, -0.03748204812446121;
 -0.8626864014739843, 0.1966921758584484, -0.4659231274233298;
 0.4632743475469723, -0.06217832021265893, -0.8840309583948173]
第15幅图像的平移向量
[21.9507, 17.1326, 10.617]
第16幅图像的旋转向量
[2.19014, -1.8732, 0.725151]
第16幅图像的旋转矩阵
[0.09285171304254136, -0.9636409995619172, 0.2505485648499607;
 -0.8811613868281788, -0.196694873637958, -0.4299601575118196;
 0.4636088542598239, -0.180851183705988, -0.8673866955424416]
第16幅图像的平移向量
[7.7879, 24.4392, 12.4968]
第17幅图像的旋转向量
[1.88356, -1.81003, 0.167958]
第17幅图像的旋转矩阵
[0.1002031438793133, -0.9604555300429544, -0.2597777988331758;
 -0.8962574675487539, 0.02624855054315733, -0.4427567791208602;
 0.4320669876532996, 0.2771934133494004, -0.8581852537627945]
第17幅图像的平移向量
[22.7883, 18.0818, 1.10853]
第18幅图像的旋转向量
[2.09482, -2.20196, -0.245828]
第18幅图像的旋转矩阵
[-0.05375993429267278, -0.9827057693049803, -0.1771983082299448;
 -0.9975891954339988, 0.04505716514597735, 0.05277924802756381;
 -0.04388241809876103, 0.1796085266453549, -0.9827589279869658]
第18幅图像的平移向量
[20.6945, 0.700695, 9.90175]
第19幅图像的旋转向量
[1.94473, -2.11721, -0.344829]
第19幅图像的旋转矩阵
[-0.08120363112198692, -0.9384392022707245, -0.3357645513363355;
 -0.9964841249911364, 0.08341164951248714, 0.007866725256135909;
 0.02062423170093272, 0.3352228517972671, -0.9419130961504112]
第19幅图像的平移向量
[25.5041, -0.413233, 4.44462]
第20幅图像的旋转向量
[-2.03967, 2.10847, -0.290091]
第20幅图像的旋转矩阵
[-0.03278076790247519, -0.9615735085906479, 0.272583581369816;
 -0.9994587046275164, 0.03229608182780686, -0.006265847337631247;
 -0.002778308840096805, -0.2726414324258927, -0.9621117036627017]
第20幅图像的平移向量
[7.14759, 0.731961, 19.3976]
第21幅图像的旋转向量
[-1.46991, 2.38598, -0.274872]
第21幅图像的旋转矩阵
[-0.4167571070513303, -0.830139462103954, 0.3703808677293737;
 -0.892613551028268, 0.4507831524424012, 0.005966405517248502;
 -0.1719144038261819, -0.328120439673984, -0.9288608156366808]
第21幅图像的平移向量
[10.1212, -5.4785, 21.3473]
第22幅图像的旋转向量
[-1.75077, 2.4412, -0.382945]
第22幅图像的旋转矩阵
[-0.3273085800190528, -0.9147717333828158, 0.2367736667150926;
 -0.9433327853886282, 0.301828877056987, -0.1379223875425978;
 0.0547023715833569, -0.2684995433484322, -0.961725348405063]
第22幅图像的平移向量
[17.2383, 2.07552, 18.0743]
第23幅图像的旋转向量
[-2.68423, 1.43261, -0.198237]
第23幅图像的旋转矩阵
[0.5509823019611703, -0.8194916310223737, 0.1576450748036873;
 -0.8315072396021497, -0.5551398303995903, 0.02038330672701253;
 0.07081111081450091, -0.1423138622489184, -0.9872854456523769]
第23幅图像的平移向量
[9.63101, 13.7818, 16.7297]
第24幅图像的旋转向量
[-1.96056, 2.38329, -0.209225]
第24幅图像的旋转矩阵
[-0.1957961010802765, -0.9729002861131432, 0.1229996751326056;
 -0.9794497957523555, 0.1878234404847131, -0.07348777316775101;
 0.04839405337881469, -0.134860626149554, -0.9896820838593162]
第24幅图像的平移向量
[16.0351, 8.69022, 13.9813]
第25幅图像的旋转向量
[-2.52269, 1.7125, -0.110148]
第25幅图像的旋转矩阵
[0.3686056763141716, -0.9230137195887363, 0.1103427788300488;
 -0.9295440666460931, -0.367108656753921, 0.03433747660173896;
 0.008813827319331911, -0.1152254641444201, -0.9933002611802173]
第25幅图像的平移向量
[10.0131, 13.8115, 13.2531]
第26幅图像的旋转向量
[1.43716, -2.7593, 0.171563]
第26幅图像的旋转矩阵
[-0.574255221366665, -0.8181973282313852, 0.02800130011527881;
 -0.8153641840538974, 0.5685237491369313, -0.1093709012005038;
 0.07356757502626429, -0.08563806830090956, -0.9936065283412966]
第26幅图像的平移向量
[15.3283, -0.41539, 13.024]
第27幅图像的旋转向量
[-1.87078, 2.04099, 0.295824]
第27幅图像的旋转矩阵
[-0.0625470420549995, -0.9910390922149277, 0.1180228165736706;
 -0.9167477930078081, 0.1037967654774469, 0.38574566166288;
 -0.3945394169731122, -0.08406990649591611, -0.9150250812279872]
第27幅图像的平移向量
[15.1442, 4.17816, 17.9074]
第28幅图像的旋转向量
[2.05133, -2.13107, 0.64542]
第28幅图像的旋转矩阵
[-0.07831798067329465, -0.9750227742064824, 0.2078386000769641;
 -0.9264979632723872, -0.005783385267961849, -0.3762553341907067;
 0.368059530450409, -0.2220295976520633, -0.9029036713908564]
第28幅图像的平移向量
[18.0312, 10.1683, 12.9249]
