第1幅图像的平均误差0.0722042像素
第2幅图像的平均误差0.0525178像素
第3幅图像的平均误差0.0599809像素
第4幅图像的平均误差0.0572357像素
第5幅图像的平均误差0.0448156像素
第6幅图像的平均误差0.0665244像素
第7幅图像的平均误差0.0475155像素
第8幅图像的平均误差0.0615612像素
第9幅图像的平均误差0.0588264像素
第10幅图像的平均误差0.0670772像素
第11幅图像的平均误差0.0874872像素
第12幅图像的平均误差0.0879202像素
第13幅图像的平均误差0.0532868像素
第14幅图像的平均误差0.0557104像素
第15幅图像的平均误差0.0702009像素
第16幅图像的平均误差0.0660468像素
第17幅图像的平均误差0.0689561像素
第18幅图像的平均误差0.0833204像素
第19幅图像的平均误差0.0546338像素
第20幅图像的平均误差0.0691843像素
第21幅图像的平均误差0.0980464像素
总体平均误差0.0658596像素

相机内参数矩阵:
[273.9413630445183, 0, 328.9617531254894;
 0, 274.8069705398349, 287.8667776123452;
 0, 0, 1]
畸变系数:[-0.043636, 0.014042, -0.0247863, 0.0131556]
第1幅图像的旋转向量
[2.02423, 1.76196, -0.401755]
第1幅图像的旋转矩阵
[0.1529529310397304, 0.9864948856693768, 0.0585938685744388;
 0.8635857225131124, -0.1046001928363555, -0.4932327032244545;
 -0.4804426092238915, 0.126042215970525, -0.8679218046779207]
第1幅图像的平移向量
[-48.5439, -19.303, 148.256]
第2幅图像的旋转向量
[1.35441, 2.06348, -0.417887]
第2幅图像的旋转矩阵
[-0.2753618237048387, 0.903578815698055, 0.3282090642679535;
 0.7046846013829854, 0.4219454940728655, -0.5704223107534525;
 -0.653907851780087, 0.0742113458529465, -0.7529257583102374]
第2幅图像的平移向量
[-51.3089, -30.0307, 148.589]
第3幅图像的旋转向量
[1.3591, 2.33802, -0.822789]
第3幅图像的旋转矩阵
[-0.4998670874711924, 0.865937495297041, -0.0168863584515595;
 0.6856642644226584, 0.3837412068510796, -0.6185525059832933;
 -0.5291478161693596, -0.3207724121603419, -0.7855619951601742]
第3幅图像的平移向量
[-13.4935, -26.1474, 160.209]
第4幅图像的旋转向量
[1.0653, 2.31044, -0.461549]
第4幅图像的旋转矩阵
[-0.5355287478465838, 0.7750203526378452, 0.335488320552266;
 0.5866419366033799, 0.6271562344810353, -0.5123731996990122;
 -0.6075032497428354, -0.0775790599883627, -0.7905196335343077]
第4幅图像的平移向量
[-51.789, -49.8854, 150.839]
第5幅图像的旋转向量
[0.847421, 2.59201, -0.446586]
第5幅图像的旋转矩阵
[-0.7478761567343521, 0.6146489979619273, 0.2507745272005382;
 0.4952872751910741, 0.768171678117063, -0.4057126914118123;
 -0.4420087886253575, -0.1792174161269319, -0.878925109741854]
第5幅图像的平移向量
[-18.0447, -39.4402, 156.283]
第6幅图像的旋转向量
[1.07218, 2.32629, -0.684068]
第6幅图像的旋转矩阵
[-0.574354472728916, 0.7893724275283216, 0.216813538125121;
 0.5463577706145664, 0.5668811033556777, -0.6165541348067742;
 -0.6095983318098644, -0.2356628636766804, -0.7568704569068188]
第6幅图像的平移向量
[-67.7268, -38.5623, 167.723]
第7幅图像的旋转向量
[0.800939, 2.55368, -0.687907]
第7幅图像的旋转矩阵
[-0.767224469085821, 0.6087117363111521, 0.2020807663114986;
 0.4248393335825465, 0.7183548744117332, -0.5508882055826213;
 -0.4804978196382557, -0.3368030529641398, -0.8097441255340585]
第7幅图像的平移向量
[-30.2305, -47.3213, 173.812]
第8幅图像的旋转向量
[1.21431, 2.41485, -0.646123]
第8幅图像的旋转矩阵
[-0.5655940280706058, 0.817106216222156, 0.1115384544539583;
 0.6522298580790095, 0.525977760657954, -0.5458421086023668;
 -0.5046777265157456, -0.2359763265761081, -0.8304309517681432]
第8幅图像的平移向量
[-68.212, -42.9352, 154.587]
第9幅图像的旋转向量
[1.27541, 2.36629, -0.412043]
第9幅图像的旋转矩阵
[-0.4916480079589002, 0.8423969277171913, 0.2205666621288956;
 0.7182605216950729, 0.5355094253696538, -0.4442200786936416;
 -0.49232515601416, -0.05997559097583335, -0.868342599002682]
第9幅图像的平移向量
[-72.1829, -83.4212, 134.098]
第10幅图像的旋转向量
[1.3833, 2.30628, -0.752014]
第10幅图像的旋转矩阵
[-0.4637045153962563, 0.8856716541318845, 0.02374538836099604;
 0.7014395615931177, 0.3833566281691605, -0.6008495960478185;
 -0.5412584076327848, -0.2619607159595947, -0.799009336278844]
第10幅图像的平移向量
[0.294587, -54.9323, 148.796]
第11幅图像的旋转向量
[1.71618, 1.92544, -0.838407]
第11幅图像的旋转矩阵
[-0.1447074195447927, 0.9864076437724114, -0.07784422288164522;
 0.7289571273371467, 0.05307840075640091, -0.6824984907510918;
 -0.6690898812813288, -0.1555076965314028, -0.7267297207947634]
第11幅图像的平移向量
[-15.8854, -37.7839, 160.077]
第12幅图像的旋转向量
[1.88301, 1.61622, -0.411196]
第12幅图像的旋转矩阵
[0.2042429787387283, 0.9665606506814444, 0.1550655157995933;
 0.7749340338030519, -0.06285454987892891, -0.6289090147336477;
 -0.5981321333030534, 0.2486157961871688, -0.7618583444424288]
第12幅图像的平移向量
[-100.504, -38.9521, 126.056]
第13幅图像的旋转向量
[2.36122, 0.966298, -0.558882]
第13幅图像的旋转矩阵
[0.6597013510562411, 0.7312456531651472, -0.1734183443054571;
 0.5149671327823619, -0.6079106057188153, -0.6043620997452571;
 -0.5473600091059649, 0.3093937461902876, -0.7776069252841424]
第13幅图像的平移向量
[-16.9181, 25.3171, 133.04]
第14幅图像的旋转向量
[1.93173, 1.58556, -0.781272]
第14幅图像的旋转矩阵
[0.1495269473711781, 0.9828143911602221, -0.1082476999211495;
 0.6846426220009767, -0.1819015746616435, -0.7058160505933841;
 -0.7133765991042074, 0.03142753035121892, -0.7000758088853937]
第14幅图像的平移向量
[17.7375, 4.07167, 125.693]
第15幅图像的旋转向量
[1.36986, 1.96456, 0.0680336]
第15幅图像的旋转矩阵
[-0.1676307713717901, 0.7939336437901816, 0.5844392985993874;
 0.8324619074632327, 0.4315696579597412, -0.3474979179091416;
 -0.5281165563698749, 0.4282721092793194, -0.7332638701732601]
第15幅图像的平移向量
[-40.7672, -54.3158, 134.598]
第16幅图像的旋转向量
[2.05226, 1.17297, -0.516595]
第16幅图像的旋转矩阵
[0.5088260817710586, 0.8608626955445586, 0.003382000778799299;
 0.5786626295885255, -0.3391134676884895, -0.7417220619274988;
 -0.637373971563951, 0.3793645679976504, -0.6706988481582116]
第16幅图像的平移向量
[-7.24066, 20.0618, 126.321]
第17幅图像的旋转向量
[2.1151, 1.1298, 0.0292556]
第17幅图像的旋转矩阵
[0.6144025769690401, 0.7131364564580361, 0.3375586880592444;
 0.7296508303184194, -0.3507802014387547, -0.5869948177745934;
 -0.3001984997121807, 0.6069511057318062, -0.7358608672986312]
第17幅图像的平移向量
[-105.322, -35.609, 100.19]
第18幅图像的旋转向量
[1.34097, 1.88661, 0.171705]
第18幅图像的旋转矩阵
[-0.1203893902894544, 0.7356913288242413, 0.666531817243975;
 0.8439322511852749, 0.4294107739675019, -0.3215349788280981;
 -0.5227664393542185, 0.5237982969554725, -0.6725701405737984]
第18幅图像的平移向量
[-44.5497, -72.1463, 121.421]
第19幅图像的旋转向量
[2.07683, 1.70668, -0.342398]
第19幅图像的旋转矩阵
[0.2126186465983921, 0.9739555636611664, 0.07876465661785018;
 0.8682054187384102, -0.1513157393810897, -0.4725705216037244;
 -0.4483443564849791, 0.1688612064063678, -0.8777660456972896]
第19幅图像的平移向量
[-5.35413, 4.34517, 126.144]
第20幅图像的旋转向量
[1.17229, 2.17984, 0.238073]
第20幅图像的旋转矩阵
[-0.3944439361053713, 0.6827445313510481, 0.6150397435775509;
 0.7994095688891414, 0.585019801534814, -0.1367339496271669;
 -0.4531647850817394, 0.4377347789728446, -0.7765500246857351]
第20幅图像的平移向量
[-33.3418, -20.319, 116.884]
第21幅图像的旋转向量
[1.72303, 1.60171, -0.685529]
第21幅图像的旋转矩阵
[0.1049521220609477, 0.99212142492095, 0.06841147774845507;
 0.6354235738469141, -0.01398301659493573, -0.772037147452453;
 -0.7649979959937927, 0.1244972026180879, -0.631884888777815]
第21幅图像的平移向量
[-75.4404, -18.4278, 163.676]
