第1幅图像的平均误差0.0283507像素
第2幅图像的平均误差0.0227809像素
第3幅图像的平均误差0.0221152像素
第4幅图像的平均误差0.0365956像素
第5幅图像的平均误差0.0275588像素
第6幅图像的平均误差0.060828像素
第7幅图像的平均误差0.0749331像素
第8幅图像的平均误差0.0336796像素
第9幅图像的平均误差0.0379753像素
第10幅图像的平均误差0.0281658像素
第11幅图像的平均误差0.0558534像素
第12幅图像的平均误差0.0370663像素
第13幅图像的平均误差0.0327085像素
第14幅图像的平均误差0.0249006像素
第15幅图像的平均误差0.0288148像素
第16幅图像的平均误差0.0285635像素
第17幅图像的平均误差0.0271222像素
第18幅图像的平均误差0.0392985像素
第19幅图像的平均误差0.0332543像素
第20幅图像的平均误差0.0336679像素
第21幅图像的平均误差0.0346771像素
第22幅图像的平均误差0.0447121像素
第23幅图像的平均误差0.0297839像素
第24幅图像的平均误差0.0300994像素
第25幅图像的平均误差0.0377086像素
第26幅图像的平均误差0.0366958像素
第27幅图像的平均误差0.0340749像素
第28幅图像的平均误差0.0298224像素
第29幅图像的平均误差0.0300637像素
第30幅图像的平均误差0.0227425像素
第31幅图像的平均误差0.102283像素
第32幅图像的平均误差0.104649像素
第33幅图像的平均误差0.055119像素
总体平均误差0.0395959像素

相机内参数矩阵:
[157.0027616801097, 0, 323.1192055942816;
 0, 157.0822643906133, 238.2975297031746;
 0, 0, 1]
畸变系数:[0.0773366, 0.0272749, -0.00766821, -0.00325986]
第1幅图像的旋转向量
[2.15933, -2.27774, 0.0966477]
第1幅图像的旋转矩阵
[-0.05423451731101958, -0.997676262836458, 0.04123944355491736;
 -0.9975836503098793, 0.05234099766084943, -0.04568676611759057;
 0.0434220884626384, -0.04361759434615166, -0.9981042168516258]
第1幅图像的平移向量
[16.7865, 8.09419, 21.2149]
第2幅图像的旋转向量
[2.60624, -1.73421, 0.0991307]
第2幅图像的旋转矩阵
[0.3848504251560414, -0.9217611936872221, 0.04739675167690474;
 -0.9211580780376769, -0.3868084701870634, -0.0429767688114978;
 0.05794778272848564, -0.0271202729309888, -0.9979511737920853]
第2幅图像的平移向量
[10.0589, 14.9741, 22.3972]
第3幅图像的旋转向量
[1.46194, -2.7448, 0.0351243]
第3幅图像的旋转矩阵
[-0.5576854298678844, -0.8298738354254612, -0.01721564954649229;
 -0.8291615551609522, 0.5579277180256313, -0.03475308478083049;
 0.03844576382573745, -0.005106734274157001, -0.9992476392310912]
第3幅图像的平移向量
[15.4048, -1.28962, 20.9139]
第4幅图像的旋转向量
[2.14381, -2.24591, 0.102231]
第4幅图像的旋转矩阵
[-0.04720372855731136, -0.9986838970422615, 0.02005696384723611;
 -0.9963761519104756, 0.04565334908891772, -0.07176583881651662;
 0.07075572001160393, -0.02337189563229925, -0.9972198266080515]
第4幅图像的平移向量
[12.3288, 7.05986, 15.1781]
第5幅图像的旋转向量
[1.67723, -2.60902, 0.0737645]
第5幅图像的旋转矩阵
[-0.4149496485451074, -0.9098161435389935, -0.007167574772895282;
 -0.9079577959497465, 0.4145834407367949, -0.06110001179147667;
 0.05856133490939353, -0.01884557302587216, -0.9981059134335175]
第5幅图像的平移向量
[19.5037, 0.665622, 16.8955]
第6幅图像的旋转向量
[1.81987, -2.1503, 0.354424]
第6幅图像的旋转矩阵
[-0.1515920972781364, -0.986024217053468, -0.06910918482308653;
 -0.9116862977257211, 0.1664917572753171, -0.3756442323509636;
 0.3819004197195702, 0.006061199837684272, -0.9241836025782668]
第6幅图像的平移向量
[18.902, 3.21932, 14.3556]
第7幅图像的旋转向量
[2.43692, -1.67808, 0.373704]
第7幅图像的旋转矩阵
[0.3395872725139131, -0.933611068920816, 0.1142403446033496;
 -0.8938613887653751, -0.3581336505316902, -0.2697259832335027;
 0.2927324751731444, -0.01051952210778645, -0.9561365162117951]
第7幅图像的平移向量
[15.2514, 10.2588, 14.9811]
第8幅图像的旋转向量
[-2.15537, 2.08674, 0.168062]
第8幅图像的旋转矩阵
[0.03365812683622604, -0.9993224668922766, 0.01489085834365561;
 -0.9840589469674413, -0.03053336166974285, 0.1752018913096395;
 -0.1746285182643617, -0.02055044986074568, -0.9844199102107365]
第8幅图像的平移向量
[16.1332, 10.2338, 18.3101]
第9幅图像的旋转向量
[2.12848, -2.21762, -0.227128]
第9幅图像的旋转矩阵
[-0.04528751716733981, -0.9884809420780574, -0.144410761154749;
 -0.9972322243211886, 0.03620093803758639, 0.06494138018715884;
 -0.0589655116507283, 0.146952098432363, -0.9873844991704563]
第9幅图像的平移向量
[21.0671, 9.21701, 11.8115]
第10幅图像的旋转向量
[1.50355, -2.68754, -0.120845]
第10幅图像的旋转矩阵
[-0.5226184390579107, -0.8477768534217688, -0.09024618528756523;
 -0.852455078158905, 0.5213270307655052, 0.03922329300704296;
 0.0137951758875291, 0.0974296350989063, -0.9951468029023286]
第10幅图像的平移向量
[20.0825, 0.607688, 14.1995]
第11幅图像的旋转向量
[2.04882, -2.21835, -0.162449]
第11幅图像的旋转矩阵
[-0.07826071153634973, -0.984247119500717, -0.1585334942034806;
 -0.9968420655667163, 0.07940474110840035, -0.0008851023610683129;
 0.01345947051358226, 0.157963587082747, -0.9873532031696891]
第11幅图像的平移向量
[23.3072, 1.22031, 12.3484]
第12幅图像的旋转向量
[1.47006, -2.60753, -0.217547]
第12幅图像的旋转矩阵
[-0.5126962280748377, -0.8367866375791905, -0.1921736217245932;
 -0.857062619383096, 0.5120688479137244, 0.05682571119218904;
 0.05085512927936225, 0.1938391553975215, -0.9797143143083881]
第12幅图像的平移向量
[19.0951, -9.06231, 11.6268]
第13幅图像的旋转向量
[-1.80506, 2.49087, -0.349394]
第13幅图像的旋转矩阵
[-0.3194318059216564, -0.9325511149717065, 0.1682609263336444;
 -0.9428552107985626, 0.2950147169541297, -0.1548882443908274;
 0.09480175544591649, -0.2081219227892666, -0.973497761897207]
第13幅图像的平移向量
[4.98134, 7.219, 18.0538]
第14幅图像的旋转向量
[2.22988, -2.13891, -0.0306619]
第14幅图像的旋转矩阵
[0.04216234528498564, -0.9978592068956605, -0.04999339810047313;
 -0.9988822149580227, -0.04102965783149415, -0.02347099952675137;
 0.02136954095491648, 0.05092710861410944, -0.99847372140061]
第14幅图像的平移向量
[11.2932, 4.82982, 23.6783]
第15幅图像的旋转向量
[1.92349, -1.93015, 0.467924]
第15幅图像的旋转矩阵
[0.004194231519717539, -0.9995524059309353, -0.02962087472777666;
 -0.8750187138939225, 0.01067040350081871, -0.48397147935034;
 0.4840709232719786, 0.02794870814204747, -0.8745823065645708]
第15幅图像的平移向量
[10.7946, 18.7077, 17.976]
第16幅图像的旋转向量
[-2.02022, 2.10427, 0.581224]
第16幅图像的旋转矩阵
[-0.06985612360319249, -0.9868352119627977, -0.1458642739860437;
 -0.9217987967260848, 0.007963047670523471, 0.3875868524939141;
 -0.3813228295676482, 0.1615328273204463, -0.910219778596568]
第16幅图像的平移向量
[14.8787, -6.91776, 19.4896]
第17幅图像的旋转向量
[2.59064, -1.55083, -0.437662]
第17幅图像的旋转矩阵
[0.443215211445608, -0.8484981357194793, -0.2891559960018;
 -0.8744806136454258, -0.4801791728664799, 0.06864122889038646;
 -0.1970886417365144, 0.2224384760463693, -0.9548178840347643]
第17幅图像的平移向量
[18.3985, 6.4941, 18.6414]
第18幅图像的旋转向量
[1.31041, -2.70185, 0.0617695]
第18幅图像的旋转矩阵
[-0.6115834294056959, -0.7840507144992458, -0.1059725717796385;
 -0.7783886006395303, 0.6202617289296289, -0.09688433320027362;
 0.1416929612606153, 0.02323498909941749, -0.9896379337973802]
第18幅图像的平移向量
[12.8085, -8.88768, 23.6891]
第19幅图像的旋转向量
[1.91961, -2.11228, -0.349629]
第19幅图像的旋转矩阵
[-0.08922663678332676, -0.9315133602871916, -0.3525924940987845;
 -0.9954431435436383, 0.09535694867168576, -1.76630999760008e-05;
 0.0336385977754112, 0.3509842046965796, -0.9357769674410744]
第19幅图像的平移向量
[23.4284, -1.34209, 10.2868]
第20幅图像的旋转向量
[-2.18339, 2.06254, 0.125859]
第20幅图像的旋转矩阵
[0.05935220401226082, -0.9977213156722253, 0.03208569980801801;
 -0.9864174191369484, -0.05368751774741198, 0.1552363541871647;
 -0.1531600179618964, -0.04086351295966422, -0.9873561577295737]
第20幅图像的平移向量
[5.60264, 0.852732, 19.2871]
第21幅图像的旋转向量
[-2.04699, 2.22294, -0.23162]
第21幅图像的旋转矩阵
[-0.08429695705353268, -0.9792916670818246, 0.1840702415264779;
 -0.9962029058752533, 0.07879112122875709, -0.03703686732455604;
 0.02176679483103351, -0.1864934047080926, -0.9822150562087548]
第21幅图像的平移向量
[4.80764, 9.28188, 17.2798]
第22幅图像的旋转向量
[-1.65203, 2.58883, -0.13343]
第22幅图像的旋转矩阵
[-0.4207057952222917, -0.9012686191885328, 0.1035447243097118;
 -0.9071382208366792, 0.4192300528546824, -0.03669347463411019;
 -0.01033838302847007, -0.1093665344127487, -0.9939477244739291]
第22幅图像的平移向量
[6.59071, 4.55013, 16.9237]
第23幅图像的旋转向量
[-2.07638, 2.20147, -0.552621]
第23幅图像的旋转矩阵
[-0.08765440564896332, -0.9533113048621397, 0.2889883409280927;
 -0.976776763624016, 0.02531597920942641, -0.2127586784149146;
 0.1955092305097643, -0.3009263318799344, -0.9333913882004523]
第23幅图像的平移向量
[9.79288, 10.5465, 21.2812]
第24幅图像的旋转向量
[-2.34323, 1.7938, -0.537979]
第24幅图像的旋转矩阵
[0.2243703858946234, -0.9042138809666869, 0.3633939837155544;
 -0.9549595256583912, -0.2783201993300329, -0.1029085564916329;
 0.1941912312330268, -0.3239369137842326, -0.9259344693876278]
第24幅图像的平移向量
[6.37746, 11.1607, 21.4552]
第25幅图像的旋转向量
[-1.98162, 2.13697, 0.156397]
第25幅图像的旋转矩阵
[-0.06463327996906199, -0.9938334903775292, 0.09009735026325023;
 -0.9701262157353785, 0.08373327035422873, 0.2276924789683226;
 -0.2338325568935926, -0.07268928971866243, -0.9695558789965647]
第25幅图像的平移向量
[16.9773, 4.26346, 17.198]
第26幅图像的旋转向量
[-2.58925, 1.60695, 0.113672]
第26幅图像的旋转矩阵
[0.4430418051862439, -0.8963803655340974, -0.01470371185358824;
 -0.8895241375067793, -0.4415770014399756, 0.117288365118201;
 -0.1116278085878946, -0.03888434240459971, -0.9929890433764242]
第26幅图像的平移向量
[12.3285, 14.884, 16.122]
第27幅图像的旋转向量
[-1.49553, 2.6938, 0.0858966]
第27幅图像的旋转矩阵
[-0.5278171666523106, -0.8489967553004928, 0.02476990263126652;
 -0.8456939920001486, 0.5280226101693138, 0.07741960375020088;
 -0.07880806102157148, 0.01991563805708486, -0.9966908532131713]
第27幅图像的平移向量
[16.266, -1.76253, 14.9725]
第28幅图像的旋转向量
[-2.06452, 2.30618, 0.0890537]
第28幅图像的旋转矩阵
[-0.1104194263703763, -0.9938735193213901, -0.004793523938748635;
 -0.9912835808168021, 0.1097803891853861, 0.07283631342485444;
 -0.07186384823439063, 0.01279428552203916, -0.9973323887124718]
第28幅图像的平移向量
[15.8513, 3.31637, 18.3285]
第29幅图像的旋转向量
[1.56655, -2.66727, -0.19815]
第29幅图像的旋转矩阵
[-0.4884836638531953, -0.866743722159629, -0.1006927517025441;
 -0.8721079427530001, 0.4811944143207521, 0.08876751553151661;
 -0.02848589713679875, 0.1311764297554251, -0.9909496949598056]
第29幅图像的平移向量
[15.6018, -4.17892, 16.0968]
第30幅图像的旋转向量
[2.6247, -1.64043, -0.176007]
第30幅图像的旋转矩阵
[0.4338135835909818, -0.8932412580106338, -0.1180077526246958;
 -0.8979442895367035, -0.4393991001772568, 0.02498967090304059;
 -0.07417430539193536, 0.09512352890319814, -0.9926981850837777]
第30幅图像的平移向量
[14.8024, 9.604, 23.2652]
第31幅图像的旋转向量
[2.18128, -2.00541, 0.481419]
第31幅图像的旋转矩阵
[0.06058804764501025, -0.9884503223033734, 0.1389066190680741;
 -0.9437891132500713, -0.1020338866246555, -0.3144060999581768;
 0.3249479930592125, -0.1120493030706752, -0.9390706871626682]
第31幅图像的平移向量
[17.6972, 8.96737, 14.4439]
第32幅图像的旋转向量
[2.48698, -1.56462, 0.205753]
第32幅图像的旋转矩阵
[0.4313860113570606, -0.902069548640102, 0.013290546327714;
 -0.8748369510421474, -0.4218707187159173, -0.2380869710450263;
 0.2203778988390757, 0.09108032776817612, -0.9711529002154685]
第32幅图像的平移向量
[17.7272, 13.0259, 11.6844]
第33幅图像的旋转向量
[-2.24755, 2.1002, 0.190411]
第33幅图像的旋转矩阵
[0.06445973487999812, -0.996695426612949, -0.04942842449473752;
 -0.9893333470775977, -0.07031045638169453, 0.1275773023842237;
 -0.1306310489104261, 0.04067758955775857, -0.9905962158055786]
第33幅图像的平移向量
[15.2005, 3.4528, 12.8714]
