第1幅图像的平均误差0.0295341像素
第2幅图像的平均误差0.0416646像素
第3幅图像的平均误差0.0330035像素
第4幅图像的平均误差0.0271378像素
第5幅图像的平均误差0.0303021像素
第6幅图像的平均误差0.0267286像素
第7幅图像的平均误差0.0344771像素
第8幅图像的平均误差0.035782像素
第9幅图像的平均误差0.0347727像素
第10幅图像的平均误差0.0450566像素
第11幅图像的平均误差0.0342802像素
第12幅图像的平均误差0.0350212像素
第13幅图像的平均误差0.0779124像素
第14幅图像的平均误差0.037627像素
第15幅图像的平均误差0.0976664像素
第16幅图像的平均误差0.0212681像素
第17幅图像的平均误差0.0377824像素
第18幅图像的平均误差0.035664像素
第19幅图像的平均误差0.0370627像素
第20幅图像的平均误差0.0443856像素
第21幅图像的平均误差0.0432093像素
第22幅图像的平均误差0.0432609像素
第23幅图像的平均误差0.0394416像素
第24幅图像的平均误差0.0498459像素
第25幅图像的平均误差0.0524296像素
第26幅图像的平均误差0.0420733像素
第27幅图像的平均误差0.0442694像素
第28幅图像的平均误差0.0622826像素
第29幅图像的平均误差0.0246694像素
第30幅图像的平均误差0.043655像素
第31幅图像的平均误差0.0400463像素
第32幅图像的平均误差0.064948像素
第33幅图像的平均误差0.0818391像素
总体平均误差0.043306像素

相机内参数矩阵:
[156.035872920854, 0, 326.5203894171035;
 0, 156.2104221185375, 230.4564941240034;
 0, 0, 1]
畸变系数:[0.0738011, 0.0513934, -0.0334965, 0.00559905]
第1幅图像的旋转向量
[-2.11237, 2.26974, -0.221972]
第1幅图像的旋转矩阵
[-0.07617289907461411, -0.9897082416019114, 0.1211415946395826;
 -0.9944261785378719, 0.06652363056323085, -0.08179964556922743;
 0.0728990046923354, -0.126697289165708, -0.9892590823605957]
第1幅图像的平移向量
[11.2073, 7.91062, 19.1661]
第2幅图像的旋转向量
[2.4782, -1.71891, 0.244673]
第2幅图像的旋转矩阵
[0.3437250215842432, -0.9367182645327452, 0.06642290589602863;
 -0.9180478745311063, -0.3500713334216623, -0.1861133030852362;
 0.1975884855092237, 0.002992391542058909, -0.9802804884251396]
第2幅图像的平移向量
[10.9115, 12.0462, 12.5138]
第3幅图像的旋转向量
[-1.34015, 2.74868, -0.325526]
第3幅图像的旋转矩阵
[-0.6184044367968156, -0.771137790113177, 0.1514016552398912;
 -0.7851705314066614, 0.5982184262167943, -0.1601310436651261;
 0.03291183921621665, -0.2179018659719721, -0.975415597396996]
第3幅图像的平移向量
[10.4844, 1.20637, 16.868]
第4幅图像的旋转向量
[1.78296, -2.4219, 0.162091]
第4幅图像的旋转矩阵
[-0.2936170654537722, -0.9550588231152239, -0.04064066023182837;
 -0.9411254695964164, 0.296262135341415, -0.1628238239320967;
 0.167546618441675, -0.00955989292351607, -0.9858178021805301]
第4幅图像的平移向量
[13.2244, 4.25188, 18.6397]
第5幅图像的旋转向量
[1.91411, -2.11396, 0.332374]
第5幅图像的旋转矩阵
[-0.09085762005138254, -0.9948375250042635, -0.04520167830943714;
 -0.9329670682149319, 0.1009065871796946, -0.3455290295911201;
 0.3483063917085546, 0.01077773200343718, -0.9373187814120812]
第5幅图像的平移向量
[15.8824, 14.8122, 13.5442]
第6幅图像的旋转向量
[2.04087, -2.2467, 0.579278]
第6幅图像的旋转矩阵
[-0.1268232947938412, -0.9694407551254309, 0.2100011290433187;
 -0.9501217525062213, 0.05791130891658236, -0.3064554383822787;
 0.2849289513407525, -0.2383923291580547, -0.9284312522133542]
第6幅图像的平移向量
[10.9564, 18.0685, 17.3346]
第7幅图像的旋转向量
[1.89443, -2.4021, -0.389045]
第7幅图像的旋转矩阵
[-0.2442325713960286, -0.9489113638685468, -0.1997940804689122;
 -0.9634649583330505, 0.2140941178872179, 0.1609316089225094;
 -0.1099350950951385, 0.2317993360802152, -0.9665316045837271]
第7幅图像的平移向量
[22.2512, -1.77013, 11.9255]
第8幅图像的旋转向量
[-1.75135, 2.08835, -0.28075]
第8幅图像的旋转矩阵
[-0.1357954352854032, -0.8955427210266815, 0.423748551114662;
 -0.9756585283490882, 0.1952163501062566, 0.0999050184469383;
 -0.1721918575756107, -0.3998672423033913, -0.9002533825081367]
第8幅图像的平移向量
[2.68804, -1.73124, 20.3535]
第9幅图像的旋转向量
[-1.84596, 2.01959, -0.469856]
第9幅图像的旋转矩阵
[-0.07889428116677233, -0.8750215896071659, 0.4776116729316053;
 -0.9959841450100962, 0.08952839893274311, -0.0004986712814167849;
 -0.04232346025179881, -0.4757329960239126, -0.8785709084680794]
第9幅图像的平移向量
[-3.30781, 4.39227, 19.6769]
第10幅图像的旋转向量
[-2.06465, 2.19368, -0.16555]
第10幅图像的旋转矩阵
[-0.05925305704779227, -0.9844865461242748, 0.1651524015289736;
 -0.9981221665494578, 0.06100347761776348, 0.005542234310771929;
 -0.01553112594461591, -0.1645138784991567, -0.9862524868957528]
第10幅图像的平移向量
[15.386, 6.42944, 14.7541]
第11幅图像的旋转向量
[2.12442, -2.19786, 0.428908]
第11幅图像的旋转矩阵
[-0.05183165352642261, -0.9870120584126877, 0.1520548461597498;
 -0.9717626839908048, 0.01475091314244503, -0.2354988249746699;
 0.2301972321634279, -0.1599675189199741, -0.959906051233601]
第11幅图像的平移向量
[14.786, 20.4732, 12.8906]
第12幅图像的旋转向量
[2.4149, -1.8688, 0.348715]
第12幅图像的旋转矩阵
[0.235677429642328, -0.9621742495278895, 0.1366633187897479;
 -0.9467111375212853, -0.2590705316829253, -0.1913647870081653;
 0.2195317089860589, -0.08428032486274033, -0.9719581552673403]
第12幅图像的平移向量
[10.4694, 22.8747, 11.6738]
第13幅图像的旋转向量
[-1.97516, 2.05823, -0.458673]
第13幅图像的旋转矩阵
[-0.04847598347726068, -0.9189226639847325, 0.3914475911806263;
 -0.9981834668808611, 0.03053250075683511, -0.05193777857435672;
 0.0357749279750133, -0.3932542485628557, -0.9187335035338846]
第13幅图像的平移向量
[13.2107, 6.53302, 22.3434]
第14幅图像的旋转向量
[1.98843, -2.31241, -0.000241598]
第14幅图像的旋转矩阵
[-0.1473866948394505, -0.986625159935115, -0.06962726453991291;
 -0.9866396875559174, 0.1515993962970066, -0.0596636403678518;
 0.06942109999030577, 0.05990339577512561, -0.9957872734930612]
第14幅图像的平移向量
[10.0747, 4.32471, 15.4296]
第15幅图像的旋转向量
[1.91778, -2.0639, 0.729209]
第15幅图像的旋转矩阵
[-0.1164005022524478, -0.9797013144083342, 0.1632061813227686;
 -0.8647768956342419, 0.01915389678759338, -0.5017908419003422;
 0.4884791130156763, -0.1995456408555015, -0.8494525845289926]
第15幅图像的平移向量
[12.9379, 9.17336, 24.9542]
第16幅图像的旋转向量
[-1.963, 2.14482, 0.0713251]
第16幅图像的旋转矩阵
[-0.0741575047753642, -0.9876841561789452, 0.1377703600872741;
 -0.9763491744062914, 0.1000409683316889, 0.1916614053256719;
 -0.2030836136216933, -0.1202988457481759, -0.9717433990462767]
第16幅图像的平移向量
[10.3208, 8.65931, 28.7122]
第17幅图像的旋转向量
[-2.1103, 2.23753, -0.379795]
第17幅图像的旋转矩阵
[-0.07213474052294244, -0.9776393949400906, 0.1975292197900383;
 -0.9880619110260809, 0.04301486618486905, -0.1479303257164896;
 0.1361258211698894, -0.2058420140502693, -0.9690711150697621]
第17幅图像的平移向量
[11.9573, 8.86374, 15.3419]
第18幅图像的旋转向量
[2.68536, -1.52164, 0.281903]
第18幅图像的旋转矩阵
[0.5016052470505447, -0.8542096786989682, 0.1368137454657534;
 -0.8465295639215976, -0.5172519513365039, -0.1258495778510553;
 0.1782691042723674, -0.05269007169841933, -0.9825700396441687]
第18幅图像的平移向量
[8.65066, 15.4302, 13.696]
第19幅图像的旋转向量
[1.3549, -2.80832, 0.364806]
第19幅图像的旋转矩阵
[-0.6274625544542988, -0.7724171194539338, 0.09829820106275459;
 -0.7718958581978943, 0.6004581898611367, -0.2088701661933166;
 0.1023109322341583, -0.2069341822975965, -0.9729906049609126]
第19幅图像的平移向量
[12.9887, -2.85213, 15.9283]
第20幅图像的旋转向量
[1.94501, -2.33183, 0.28791]
第20幅图像的旋转矩阵
[-0.1842526987259038, -0.9815899539971827, 0.05032002806070082;
 -0.9643505235555435, 0.1706483370504351, -0.202255315826482;
 0.1899447570489123, -0.0857922331783558, -0.9780392026886756]
第20幅图像的平移向量
[17.0677, 4.6917, 12.3045]
第21幅图像的旋转向量
[-1.90307, 2.06747, -0.15505]
第21幅图像的旋转矩阵
[-0.05663928008214369, -0.9494639606860047, 0.3087234673785285;
 -0.9848901672731603, 0.1038219642621885, 0.1386086510481473;
 -0.1636561956065908, -0.2962080132190649, -0.9409981203724009]
第21幅图像的平移向量
[7.91773, 1.07573, 17.339]
第22幅图像的旋转向量
[-1.85593, 2.07211, 0.129477]
第22幅图像的旋转矩阵
[-0.0766470284224271, -0.9768148122884799, 0.1998951113154925;
 -0.9443325824876772, 0.1354522038187567, 0.2998143994754019;
 -0.3199393797052272, -0.1657875838971767, -0.9328200632165728]
第22幅图像的平移向量
[9.04532, 9.26664, 19.1556]
第23幅图像的旋转向量
[2.08655, -2.09574, 0.63452]
第23幅图像的旋转矩阵
[-0.04463127749984608, -0.9771960218697299, 0.207595722284217;
 -0.9282356573134404, -0.03625486496326091, -0.3702217568679356;
 0.369305582899334, -0.209221221697202, -0.9054500907454333]
第23幅图像的平移向量
[7.79736, 19.2953, 10.5074]
第24幅图像的旋转向量
[-2.1107, 2.22747, -0.101524]
第24幅图像的旋转矩阵
[-0.05349185775174381, -0.9938409916899394, 0.09705000974253046;
 -0.9985487826807163, 0.05384500834989403, 0.001021607879696289;
 -0.006240974373219452, -0.09685452138417666, -0.9952789819574785]
第24幅图像的平移向量
[13.7177, 8.70916, 12.5514]
第25幅图像的旋转向量
[1.96435, -2.29596, 0.704389]
第25幅图像的旋转矩阵
[-0.1978469807003953, -0.9455228265599334, 0.258540435293692;
 -0.9278343748054603, 0.09555997622981904, -0.3605435672319192;
 0.3161960549360133, -0.3112151593304395, -0.8961948334183983]
第25幅图像的平移向量
[12.4121, 6.98145, 17.6006]
第26幅图像的旋转向量
[-1.91055, 2.31343, 0.412243]
第26幅图像的旋转矩阵
[-0.2002239618462797, -0.976054052277644, -0.08502265659793101;
 -0.9453438772432368, 0.1696683156250705, 0.2784557710511231;
 -0.2573622327796048, 0.1361291655206249, -0.9566783845333575]
第26幅图像的平移向量
[13.6876, 5.38788, 13.7282]
第27幅图像的旋转向量
[-1.93855, 1.94708, -0.0772246]
第27幅图像的旋转矩阵
[0.0331249792168784, -0.9503664318593206, 0.3093644791291736;
 -0.9718824688230912, 0.0415704621172811, 0.2317679086363968;
 -0.2331248647103411, -0.3083432208989509, -0.9222674533883575]
第27幅图像的平移向量
[11.5258, 8.06105, 20.9442]
第28幅图像的旋转向量
[-1.89292, 2.14866, 0.0908176]
第28幅图像的旋转矩阵
[-0.1055099494134814, -0.9808475102066063, 0.1637248066001775;
 -0.9635335136056336, 0.141552359525133, 0.2270816982313842;
 -0.2459081510107924, -0.1337949596747511, -0.960014630113565]
第28幅图像的平移向量
[12.1924, -5.07087, 15.9851]
第29幅图像的旋转向量
[-2.09427, 2.16685, -0.229843]
第29幅图像的旋转矩阵
[-0.03594811790311625, -0.9810517710002135, 0.1903816047746441;
 -0.9991601799497852, 0.03153445943070476, -0.02616319306060592;
 0.01966386589500951, -0.1911622360346268, -0.9813614685182542]
第29幅图像的平移向量
[7.94836, 5.82666, 25.3474]
第30幅图像的旋转向量
[-2.46406, 1.66502, -0.333177]
第30幅图像的旋转矩阵
[0.359611697929681, -0.8946798740575355, 0.2650044332997554;
 -0.9277631800555521, -0.3731684825580774, -0.0008748477072567651;
 0.09967401088218096, -0.245546750297564, -0.9642467967138727]
第30幅图像的平移向量
[-0.305053, 22.1322, 14.505]
第31幅图像的旋转向量
[1.41043, -2.6546, 0.21299]
第31幅图像的旋转矩阵
[-0.5555098514244089, -0.8302039354379865, -0.04658573337096382;
 -0.8121556529894992, 0.5537450280652152, -0.1837651740952396;
 0.1783591889632576, -0.06424849785273734, -0.981865637567603]
第31幅图像的平移向量
[23.0429, 5.34194, 9.49437]
第32幅图像的旋转向量
[1.99146, -2.27162, -0.703844]
第32幅图像的旋转矩阵
[-0.1751592716772477, -0.9309707310874739, -0.320332214121449;
 -0.948994868613901, 0.07301256800926736, 0.3067212158576186;
 -0.2621601969979045, 0.3577186922305648, -0.8962752748675343]
第32幅图像的平移向量
[23.8875, -0.867245, 5.85329]
第33幅图像的旋转向量
[-1.83525, 1.9693, -0.0348798]
第33幅图像的旋转矩阵
[-0.01737223344563399, -0.942191895819008, 0.334623126753209;
 -0.9534507734766168, 0.116378767365483, 0.27818627763305;
 -0.3010478833374384, -0.3142139620695977, -0.9003553509468211]
第33幅图像的平移向量
[2.17261, -6.42576, 18.601]
