第1幅图像的平均误差0.0530072像素
第2幅图像的平均误差0.0476625像素
第3幅图像的平均误差0.0776494像素
第4幅图像的平均误差0.0613092像素
第5幅图像的平均误差0.0746989像素
第6幅图像的平均误差0.0523786像素
第7幅图像的平均误差0.0607495像素
第8幅图像的平均误差0.0640807像素
第9幅图像的平均误差0.0720886像素
第10幅图像的平均误差0.069492像素
第11幅图像的平均误差0.0806238像素
第12幅图像的平均误差0.10109像素
第13幅图像的平均误差0.0970049像素
第14幅图像的平均误差0.0808952像素
第15幅图像的平均误差0.0846947像素
第16幅图像的平均误差0.0819384像素
第17幅图像的平均误差0.0636731像素
第18幅图像的平均误差0.078像素
第19幅图像的平均误差0.0817695像素
第20幅图像的平均误差0.0731695像素
第21幅图像的平均误差0.0690277像素
总体平均误差0.0726192像素

相机内参数矩阵:
[274.6238276757082, 0, 324.8167761246233;
 0, 274.0185342416864, 243.9324497986993;
 0, 0, 1]
畸变系数:[-0.0752909, 0.0671028, -0.092907, 0.0436096]
第1幅图像的旋转向量
[1.93361, 1.66721, -0.755713]
第1幅图像的旋转矩阵
[0.1079364938640122, 0.9890693681404883, -0.1004564497606752;
 0.7274556193450645, -0.1474490672927874, -0.6701246857397328;
 -0.6776120093206972, -0.00074669984738851, -0.7354192051229729]
第1幅图像的平移向量
[-58.3689, 0.865215, 147.501]
第2幅图像的旋转向量
[1.14459, 2.33995, -0.624049]
第2幅图像的旋转矩阵
[-0.5487545141032257, 0.8113270762680945, 0.201536246282395;
 0.6032200684484238, 0.5511935082596564, -0.5764644529140468;
 -0.5787866897851155, -0.1947667624793248, -0.7918787002823796]
第2幅图像的平移向量
[-25.3374, -43.7641, 153.97]
第3幅图像的旋转向量
[0.88319, 2.39038, -0.724107]
第3幅图像的旋转矩阵
[-0.6721242870105115, 0.6950961960156157, 0.2551278524489881;
 0.4366711628343548, 0.6503751095533976, -0.6215549150495866;
 -0.5979692620524103, -0.3063551781152511, -0.740661370993836]
第3幅图像的平移向量
[-27.5779, -38.3447, 156.27]
第4幅图像的旋转向量
[1.37485, 2.12871, -0.619842]
第4幅图像的旋转矩阵
[-0.3444207946961649, 0.9211245893145403, 0.1813940658924153;
 0.6797539678612419, 0.3779495278463081, -0.628560814541959;
 -0.6475406237123352, -0.09318607922255756, -0.7563117712169811]
第4幅图像的平移向量
[-75.9019, -33.8955, 141.19]
第5幅图像的旋转向量
[0.590237, 2.56761, -0.716672]
第5幅图像的旋转矩阵
[-0.8270426047438155, 0.4945763412590626, 0.2671980026223332;
 0.2847036957159598, 0.7783774063409579, -0.5595287472003551;
 -0.4847105688802744, -0.3866818536791247, -0.7845589897840933]
第5幅图像的平移向量
[-0.425569, -40.9749, 158.574]
第6幅图像的旋转向量
[0.792976, 2.27788, -0.53413]
第6幅图像的旋转矩阵
[-0.5993560231896229, 0.6622185791267966, 0.4497098074598853;
 0.3932829100951717, 0.7329244475469675, -0.5551128775438795;
 -0.6972093732110847, -0.1558470649298848, -0.6997219320982777]
第6幅图像的平移向量
[-76.9171, -49.994, 145.706]
第7幅图像的旋转向量
[1.26934, 2.00842, -0.69157]
第7幅图像的旋转矩阵
[-0.3157757095420266, 0.9163458206482157, 0.2461626256030301;
 0.5705268383002934, 0.3906700148644638, -0.7224099018319654;
 -0.7581456509420207, -0.08767711483817892, -0.6461639849847346]
第7幅图像的平移向量
[-71.6976, -38.7356, 141.28]
第8幅图像的旋转向量
[1.45033, 1.75578, -0.931896]
第8幅图像的旋转矩阵
[-0.1596222618766018, 0.9857782702578989, 0.05255411877999766;
 0.5089239578860355, 0.1277909085959662, -0.851273098817195;
 -0.8458824614584524, -0.1091360873751753, -0.5220844527750543]
第8幅图像的平移向量
[-28.8186, 9.62444, 154.507]
第9幅图像的旋转向量
[1.37481, 1.46827, -0.651371]
第9幅图像的旋转矩阵
[0.1243493364637901, 0.9487715618026945, 0.290464741466999;
 0.4213916934263809, 0.2145300670168102, -0.8811389737476203;
 -0.8983130207406891, 0.2319684760053364, -0.3731277836177571]
第9幅图像的平移向量
[-88.5384, 31.4671, 121.564]
第10幅图像的旋转向量
[0.636866, 2.21766, -0.658166]
第10幅图像的旋转矩阵
[-0.6145655941458843, 0.6115583479517273, 0.4983026364998185;
 0.2407129183751474, 0.7469224979242631, -0.6198097071052523;
 -0.7512432504984227, -0.2609658390386244, -0.6062428634098971]
第10幅图像的平移向量
[3.0191, -19.03, 159.357]
第11幅图像的旋转向量
[2.04915, 1.5626, -0.757276]
第11幅图像的旋转矩阵
[0.206738407033943, 0.9664801134274233, -0.1522347575502474;
 0.7183358060480768, -0.255578027690983, -0.6470498755975824;
 -0.6642686962414589, 0.02441438327916462, -0.7470950656260357]
第11幅图像的平移向量
[-1.11143, -25.8411, 133.342]
第12幅图像的旋转向量
[1.82942, 1.49719, -0.50079]
第12幅图像的旋转矩阵
[0.2537189144014674, 0.9575809775480736, 0.1366213157344658;
 0.682671646456085, -0.07720797268818502, -0.7266349510437262;
 -0.6852635519271975, 0.277628529498422, -0.6733025055713553]
第12幅图像的平移向量
[-38.3938, -14.4657, 133.342]
第13幅图像的旋转向量
[1.68205, 1.67978, -0.490186]
第13幅图像的旋转矩阵
[0.08759820808634455, 0.9742555406224257, 0.2077322688138901;
 0.7096224764204379, 0.0853222272627191, -0.699396924853015;
 -0.6991155089818752, 0.2086774043863727, -0.6838795551846683]
第13幅图像的平移向量
[-31.2537, 4.76461, 139.606]
第14幅图像的旋转向量
[1.83583, 1.16414, -0.422988]
第14幅图像的旋转矩阵
[0.4994334063184153, 0.8500899153269648, 0.167073063396165;
 0.5445551118727998, -0.1580431540000042, -0.8237002437822472;
 -0.6738145166040781, 0.5023639092661065, -0.541852839690342]
第14幅图像的平移向量
[-42.6142, 30.2696, 119.874]
第15幅图像的旋转向量
[1.26268, 2.07047, -0.0277661]
第15幅图像的旋转矩阵
[-0.278729445566297, 0.7872133823837748, 0.5500954342386429;
 0.772178769214005, 0.5242705006884575, -0.3589991510895508;
 -0.571007744736837, 0.3247083810186773, -0.753999086701556]
第15幅图像的平移向量
[-8.82152, -26.6607, 127.067]
第16幅图像的旋转向量
[2.14753, 0.968396, -0.419774]
第16幅图像的旋转矩阵
[0.6629201021001375, 0.7486852724233777, 0.0027020525302906;
 0.5098623916018725, -0.4488067255954802, -0.733902489906038;
 -0.5482492862389905, 0.4878963885053835, -0.6792494639098667]
第16幅图像的平移向量
[-40.7759, 32.2793, 111.979]
第17幅图像的旋转向量
[1.90845, 1.54941, -0.668656]
第17幅图像的旋转矩阵
[0.1975816758905602, 0.9800994720197715, -0.01914435422892913;
 0.6862779716652503, -0.1522416383067254, -0.7112278321133911;
 -0.6999885905922378, 0.1273872384199032, -0.7027008357248788]
第17幅图像的平移向量
[-7.20733, 19.537, 124.664]
第18幅图像的旋转向量
[2.23144, 1.35862, 0.0420237]
第18幅图像的旋转矩阵
[0.4956859487129056, 0.8193943049057669, 0.2879034792019387;
 0.8356212804785926, -0.3596039755320191, -0.4152373494676074;
 -0.2367118836474062, 0.4464055934568493, -0.8629539560547451]
第18幅图像的平移向量
[-85.6178, -47.7059, 96.6142]
第19幅图像的旋转向量
[1.87068, 1.73137, -0.0480286]
第19幅图像的旋转矩阵
[0.1554526884583016, 0.9223150792744674, 0.3537928153510464;
 0.9012831868278814, 0.0141868232284621, -0.4329980960559329;
 -0.4043798694204062, 0.3861782342256198, -0.8290616940963547]
第19幅图像的平移向量
[-69.2354, -15.9315, 123.946]
第20幅图像的旋转向量
[1.68236, 1.6953, -0.797483]
第20幅图像的旋转矩阵
[-0.003006516310823937, 0.999947747495151, 0.00977052399038314;
 0.6300617461052549, 0.00948147269748556, -0.7764871523536525;
 -0.7765392179114139, 0.00382151211704751, -0.6300573300031268]
第20幅图像的平移向量
[-2.84406, 27.237, 126.026]
第21幅图像的旋转向量
[1.25707, 1.53586, -1.21995]
第21幅图像的旋转矩阵
[-0.1965956470650685, 0.9804836865938515, 0.001375455705056317;
 0.2205409578830042, 0.04558720931353477, -0.9743118044255907;
 -0.9553595330822391, -0.1912421153154648, -0.2251990583429524]
第21幅图像的平移向量
[-24.1252, 51.9284, 184.934]
