第1幅图像的平均误差0.0721645像素
第2幅图像的平均误差0.0626313像素
第3幅图像的平均误差0.0600037像素
第4幅图像的平均误差0.068374像素
第5幅图像的平均误差0.0715337像素
第6幅图像的平均误差0.0850725像素
第7幅图像的平均误差0.0808543像素
第8幅图像的平均误差0.0687993像素
第9幅图像的平均误差0.0667939像素
第10幅图像的平均误差0.0645379像素
第11幅图像的平均误差0.0531023像素
第12幅图像的平均误差0.0690432像素
第13幅图像的平均误差0.0761601像素
第14幅图像的平均误差0.0612113像素
第15幅图像的平均误差0.0594534像素
第16幅图像的平均误差0.0818211像素
第17幅图像的平均误差0.0935169像素
第18幅图像的平均误差0.0719927像素
第19幅图像的平均误差0.0661456像素
第20幅图像的平均误差0.0562506像素
第21幅图像的平均误差0.101359像素
总体平均误差0.0709915像素

相机内参数矩阵:
[271.8844742031046, 0, 337.4507983352282;
 0, 272.5764547407472, 238.8576311402575;
 0, 0, 1]
畸变系数:[-0.0395307, 0.00890713, -0.0233154, 0.010521]
第1幅图像的旋转向量
[1.71669, 1.8123, -0.487455]
第1幅图像的旋转矩阵
[0.005641062343351599, 0.9862781490750068, 0.16499573046845;
 0.7704307348877915, 0.1009013714185207, -0.6294882016258284;
 -0.6374987538465438, 0.1306687640679315, -0.7592898082689264]
第1幅图像的平移向量
[-35.5026, -20.1769, 135.596]
第2幅图像的旋转向量
[1.15399, 2.24777, -0.51833]
第2幅图像的旋转矩阵
[-0.4765172762135176, 0.8268957077869331, 0.2986214558828564;
 0.6126255843771263, 0.5559294627035937, -0.5618116462522628;
 -0.6305721043914284, -0.08476981149937735, -0.7714874595362685]
第2幅图像的平移向量
[-24.8393, -29.3863, 133.124]
第3幅图像的旋转向量
[0.850895, 2.44755, -0.444327]
第3幅图像的旋转矩阵
[-0.6754640882177467, 0.646773778451217, 0.3541637263132745;
 0.4810157978574358, 0.7505045866308541, -0.4531739926977548;
 -0.5589025565693383, -0.1357444103968425, -0.8180473013868277]
第3幅图像的平移向量
[-32.9884, -49.712, 134.061]
第4幅图像的旋转向量
[0.985041, 2.71814, -0.217947]
第4幅图像的旋转矩阵
[-0.7433085827967687, 0.6457658346651234, 0.1745818934480769;
 0.6096973855901044, 0.7613762822761113, -0.2203979464332597;
 -0.2752479768231741, -0.05738156120796169, -0.9596592664524667]
第4幅图像的平移向量
[-25.7167, -61.9566, 133.403]
第5幅图像的旋转向量
[1.00403, 2.2773, -0.506126]
第5幅图像的旋转矩阵
[-0.5391876661261199, 0.7594926695641195, 0.3639334356387649;
 0.5338419518892981, 0.6424436397653116, -0.549798999751839;
 -0.6513750310692699, -0.1021619038754927, -0.7518467359083514]
第5幅图像的平移向量
[-70.7618, -37.6724, 132.06]
第6幅图像的旋转向量
[2.17126, 2.22526, -0.167705]
第6幅图像的旋转矩阵
[-0.02718575752557262, 0.9981118482507438, -0.05507878874162515;
 0.9950928385865314, 0.02177730063190375, -0.09651938546730818;
 -0.09513767487993348, -0.05743246084464315, -0.9938059847172227]
第6幅图像的平移向量
[-35.7614, -38.4293, 136.938]
第7幅图像的旋转向量
[2.11502, 2.06185, -0.339451]
第7幅图像的旋转矩阵
[0.01908040309042902, 0.9988028039691565, -0.04504327920186574;
 0.960527527334363, -0.03081738421244351, -0.2764727076281442;
 -0.2775298316412875, -0.03799009888975209, -0.9599655957040885]
第7幅图像的平移向量
[-1.7696, -16.473, 142.025]
第8幅图像的旋转向量
[1.93182, 2.19476, -0.322019]
第8幅图像的旋转矩阵
[-0.1260406543560678, 0.992007386414441, 0.005924419691758914;
 0.948494991241875, 0.1222575009326828, -0.2922505005209923;
 -0.2906389599461326, -0.03121616191790613, -0.9563234527065335]
第8幅图像的平移向量
[-55.877, -31.0551, 123.491]
第9幅图像的旋转向量
[1.93772, 1.9506, -0.738945]
第9幅图像的旋转矩阵
[-0.05042568877724818, 0.9878816482055363, -0.1467893015517588;
 0.8371789374807993, -0.0383351207047935, -0.545583948773302;
 -0.5445995561418133, -0.1504003579093547, -0.8251006337355935]
第9幅图像的平移向量
[-28.7623, 22.4754, 133.317]
第10幅图像的旋转向量
[1.61682, 1.90713, -0.318348]
第10幅图像的旋转矩阵
[-0.06706895633798327, 0.9536188582179811, 0.2934498736526691;
 0.8066038147025935, 0.2249365686951527, -0.5466203675046098;
 -0.5872750984018968, 0.200036529950618, -0.7842788697155864]
第10幅图像的平移向量
[-84.7736, 11.5744, 114.198]
第11幅图像的旋转向量
[1.83073, 2.46636, -0.22611]
第11幅图像的旋转矩阵
[-0.2921046024536217, 0.9556388184997074, -0.03780674280991789;
 0.9465830999787305, 0.2832389297925731, -0.1541302808815162;
 -0.136584538144216, -0.08080938823207101, -0.9873269502619129]
第11幅图像的平移向量
[-17.8388, -57.72, 115.246]
第12幅图像的旋转向量
[2.15589, 1.10959, -0.540988]
第12幅图像的旋转矩阵
[0.5576243970025712, 0.8274902259555179, -0.06568833850543326;
 0.561390827271117, -0.434229902417187, -0.7044747908212265;
 -0.6114698446557845, 0.3559554997395687, -0.7066826100038012]
第12幅图像的平移向量
[-34.6942, 18.383, 139.306]
第13幅图像的旋转向量
[2.08937, 1.19126, -0.202359]
第13幅图像的旋转矩阵
[0.5622713166626773, 0.8019930281747696, 0.2016386600269984;
 0.6904232020679379, -0.3210653296780933, -0.6482536973476919;
 -0.4551557629039486, 0.5037104692556637, -0.734240420201424]
第13幅图像的平移向量
[-88.811, -25.2672, 135.077]
第14幅图像的旋转向量
[1.82507, 1.1636, -0.930226]
第14幅图像的旋转矩阵
[0.3174867389732259, 0.9323938745600224, -0.1727536779900689;
 0.3738079251789813, -0.2904866779496246, -0.8808434168495423;
 -0.8714756483399477, 0.2150794100250892, -0.440761887796265]
第14幅图像的平移向量
[-10.0547, 31.3934, 142.863]
第15幅图像的旋转向量
[2.2401, 1.05465, -0.581169]
第15幅图像的旋转矩阵
[0.5905799496429305, 0.7957755223297983, -0.1340023922939076;
 0.5383423137769686, -0.5122148757350777, -0.6691961403601776;
 -0.6011679268532324, 0.323074664956006, -0.7309034714560816]
第15幅图像的平移向量
[-13.8361, 14.2028, 134.962]
第16幅图像的旋转向量
[2.55512, 1.12364, -0.197018]
第16幅图像的旋转矩阵
[0.6772930647534224, 0.7356403744122442, 0.01036069358343532;
 0.6882318427235274, -0.6285419317676612, -0.3623147397928417;
 -0.2600212204768956, 0.252523819756454, -0.93199822175652]
第16幅图像的平移向量
[-51.8622, -20.947, 127.929]
第17幅图像的旋转向量
[1.52924, 1.75909, 0.307183]
第17幅图像的旋转矩阵
[0.01726623896813295, 0.7361754966382872, 0.6765704066401859;
 0.9219068563399557, 0.2502070266827792, -0.2957772676051068;
 -0.3870266466605048, 0.6288418576621105, -0.6743651035060982]
第17幅图像的平移向量
[-72.878, -30.2503, 117.364]
第18幅图像的旋转向量
[2.00581, 1.24641, -0.69882]
第18幅图像的旋转矩阵
[0.4013191044442526, 0.91118416227902, -0.09320085203442835;
 0.5548500633809985, -0.3228059178599897, -0.7667709870363323;
 -0.7287553660688646, 0.2560073471727907, -0.6351187720571524]
第18幅图像的平移向量
[-46.3272, 11.4435, 144.843]
第19幅图像的旋转向量
[1.98944, 0.654801, -1.33664]
第19幅图像的旋转矩阵
[0.3569738413571483, 0.7066739610249244, -0.6108859053833742;
 0.04955820833292152, -0.6673798462821025, -0.7430667027685388;
 -0.9327988317818328, 0.2349809643052412, -0.2732586427555895]
第19幅图像的平移向量
[10.6434, 69.8381, 133.551]
第20幅图像的旋转向量
[1.4015, 2.18392, -0.0604035]
第20幅图像的旋转矩阵
[-0.31393594340566, 0.8546370357396545, 0.4135695353627182;
 0.830470670483905, 0.4582995183105522, -0.3166702022330632;
 -0.4601768017881946, 0.2440432106378959, -0.8536276837342708]
第20幅图像的平移向量
[-14.1094, -55.932, 133.225]
第21幅图像的旋转向量
[1.67226, 1.62844, -0.857803]
第21幅图像的旋转矩阵
[0.01770449018648645, 0.9996963257197439, -0.01714081006487483;
 0.5795467759883296, -0.02423047673884071, -0.8145786754135791;
 -0.814746638820173, 0.004487798954054323, -0.5797997707758935]
第21幅图像的平移向量
[-62.4534, -13.0077, 178.756]
